[gd_scene load_steps=34 format=2]

[ext_resource path="res://LevelLayout.gd" type="Script" id=1]
[ext_resource path="res://assets/prefabs/P_Fusebox.tscn" type="PackedScene" id=2]
[ext_resource path="res://assets/prefabs/P_Building_04.tscn" type="PackedScene" id=3]
[ext_resource path="res://assets/prefabs/P_Sign_01.tscn" type="PackedScene" id=4]
[ext_resource path="res://assets/prefabs/P_Car_01.tscn" type="PackedScene" id=5]
[ext_resource path="res://assets/models/S_Building.dae" type="PackedScene" id=6]
[ext_resource path="res://assets/prefabs/P_Building_08.tscn" type="PackedScene" id=7]
[ext_resource path="res://assets/prefabs/P_Trashcan_01.tscn" type="PackedScene" id=8]
[ext_resource path="res://assets/prefabs/P_Floor.tscn" type="PackedScene" id=9]
[ext_resource path="res://assets/prefabs/P_Fence_01.tscn" type="PackedScene" id=10]
[ext_resource path="res://assets/prefabs/P_Lamp.tscn" type="PackedScene" id=11]
[ext_resource path="res://assets/prefabs/P_Building_01.tscn" type="PackedScene" id=12]
[ext_resource path="res://assets/prefabs/P_Building_03.tscn" type="PackedScene" id=13]
[ext_resource path="res://assets/prefabs/P_Building_02.tscn" type="PackedScene" id=14]
[ext_resource path="res://assets/prefabs/P_Building_06.tscn" type="PackedScene" id=15]
[ext_resource path="res://assets/prefabs/P_Trashcan_02.tscn" type="PackedScene" id=16]
[ext_resource path="res://assets/materials/M_Wall_Red.tres" type="Material" id=17]
[ext_resource path="res://assets/prefabs/P_Building_09.tscn" type="PackedScene" id=18]
[ext_resource path="res://assets/prefabs/P_Fence_02.tscn" type="PackedScene" id=19]
[ext_resource path="res://assets/prefabs/P_Box_01.tscn" type="PackedScene" id=20]
[ext_resource path="res://assets/prefabs/P_Box_02.tscn" type="PackedScene" id=21]
[ext_resource path="res://assets/prefabs/P_Trashcan_03.tscn" type="PackedScene" id=22]
[ext_resource path="res://assets/prefabs/P_Mailbox.tscn" type="PackedScene" id=23]
[ext_resource path="res://assets/prefabs/P_Manhole.tscn" type="PackedScene" id=24]
[ext_resource path="res://assets/prefabs/P_Hydrant.tscn" type="PackedScene" id=25]
[ext_resource path="res://assets/prefabs/P_Car_02.tscn" type="PackedScene" id=26]
[ext_resource path="res://assets/prefabs/P_Bench.tscn" type="PackedScene" id=27]
[ext_resource path="res://assets/prefabs/P_Building_05.tscn" type="PackedScene" id=28]
[ext_resource path="res://assets/models/S_Fountain.dae" type="PackedScene" id=29]
[ext_resource path="res://Player.tscn" type="PackedScene" id=30]

[sub_resource type="BoxShape" id=1]
extents = Vector3( 41.1754, 1, 195.023 )

[sub_resource type="CubeMesh" id=2]

[sub_resource type="Environment" id=3]
background_mode = 3
background_color = Color( 0.917647, 0.858824, 0.858824, 1 )
ambient_light_color = Color( 1, 0.717647, 0.529412, 1 )
ambient_light_energy = 1.95
fog_enabled = true
fog_color = Color( 0.780392, 0.87451, 0.545098, 1 )
fog_depth_begin = 40.0
fog_depth_end = 130.0
fog_depth_curve = 0.683021
fog_height_enabled = true
tonemap_mode = 2
ssao_enabled = true
ssao_radius = 0.3
ssao_intensity = 2.5
ssao_intensity2 = 10.6
ssao_bias = 0.05
glow_enabled = true
glow_intensity = 0.1
glow_bloom = 0.05
adjustment_enabled = true
adjustment_saturation = 0.5

[node name="Scene Root" type="Spatial"]
script = ExtResource( 1 )

[node name="Environment" type="Spatial" parent="."]

[node name="Fusebox" parent="Environment" instance=ExtResource( 2 )]
transform = Transform( -4.37114e-008, 0, 1, 0, 1, 0, -1, 0, -4.37114e-008, -22.4092, 9.53674e-007, 73.4107 )

[node name="Fusebox3" parent="Environment" instance=ExtResource( 2 )]
transform = Transform( -4.37114e-008, 0, 1, 0, 1, 0, -1, 0, -4.37114e-008, -8.51557, 9.53674e-007, -67.7755 )

[node name="Fusebox4" parent="Environment" instance=ExtResource( 2 )]
transform = Transform( -4.37114e-008, 0, 1, 0, 1, 0, -1, 0, -4.37114e-008, -11.1199, 9.53674e-007, -67.7755 )

[node name="Fusebox2" parent="Environment" instance=ExtResource( 2 )]
transform = Transform( 1, 0, 0, 0, 1, 0, 0, 0, 1, -27.2809, 9.53674e-007, 67.815 )

[node name="Spatial10" parent="Environment" instance=ExtResource( 3 )]
transform = Transform( -4.37114e-008, 0, -1, 0, 1, 0, 1, 0, -4.37114e-008, -36.308, 0, 126.012 )

[node name="Scene Root2" parent="Environment" instance=ExtResource( 4 )]
transform = Transform( -4.37114e-008, 0, -1, 0, 1, 0, 1, 0, -4.37114e-008, -4.50427, 0.186409, 135.235 )

[node name="Scene Root" parent="Environment" instance=ExtResource( 5 )]
transform = Transform( 1, 0, 0, 0, 1, 0, 0, 0, 1, -2.57216, -0.152685, 133.267 )

[node name="Scene Root6" parent="Environment" instance=ExtResource( 5 )]
transform = Transform( 0.737364, 0, 0.675496, 0, 1, 0, -0.675496, 0, 0.737364, 5.19056, 0.247801, -68.2843 )

[node name="Scene Root9" parent="Environment" instance=ExtResource( 6 )]
transform = Transform( 1, 0, 0, 0, 1, 0, 0, 0, 1, 26.7018, 0.209579, -197.836 )

[node name="Scene Root8" parent="Environment" instance=ExtResource( 5 )]
transform = Transform( 0.882436, 0, -0.470433, 0, 1, 0, 0.470433, 0, 0.882436, 7.55423, 0.247801, -171.778 )

[node name="Scene Root7" parent="Environment" instance=ExtResource( 5 )]
transform = Transform( 0.730194, 0, -0.68324, 0, 1, 0, 0.68324, 0, 0.730194, -40.6779, 0.247801, -169.524 )

[node name="Scene Root4" parent="Environment" instance=ExtResource( 5 )]
transform = Transform( 0.978711, 0, -0.205242, 0, 1, 0, 0.205242, 0, 0.978711, -0.767548, -0.189181, 55.7323 )

[node name="Spatial14" parent="Environment" instance=ExtResource( 3 )]
transform = Transform( -0.955118, 0, 0.296226, 0, 1, 0, -0.296226, 0, -0.955118, -13.6913, 0.247057, 18.0782 )

[node name="Spatial13" parent="Environment" instance=ExtResource( 7 )]
transform = Transform( 1, 0, 0, 0, 1, 0, 0, 0, 1, -16.5106, 0.233407, 49.6708 )

[node name="Scene Root3" parent="Environment" instance=ExtResource( 8 )]
transform = Transform( 1, 0, 0, 0, 1, 0, 0, 0, 1, -26.851, 0.186426, 70.2409 )

[node name="Scene Root5" parent="Environment" instance=ExtResource( 8 )]
transform = Transform( 1, 0, 0, 0, 1, 0, 0, 0, 1, -2.23652, 0.186426, 4.03503 )

[node name="Floor" parent="Environment" instance=ExtResource( 9 )]
transform = Transform( 1, 0, 0, 0, 1, 0, 0, 0, 1, 0.0495682, 0.0637054, 149.932 )

[node name="StaticBody" type="StaticBody" parent="Environment/Floor"]

[node name="CollisionShape" type="CollisionShape" parent="Environment/Floor/StaticBody"]
transform = Transform( 1, 0, 0, 0, 1, 0, 0, 0, 1, 11.3558, -0.827019, -178.075 )
shape = SubResource( 1 )

[node name="Fences_01" type="Spatial" parent="Environment"]
transform = Transform( 1, 0, 1.74846e-007, 0, 1, 0, -1.74846e-007, 0, 1, -10.0606, 0, 68.8845 )

[node name="Scene Root6" parent="Environment/Fences_01" instance=ExtResource( 10 )]
transform = Transform( -4.37114e-008, 0, -1, 0, 1, 0, 1, 0, -4.37114e-008, -5, 0, 15 )

[node name="Scene Root9" parent="Environment/Fences_01" instance=ExtResource( 10 )]
transform = Transform( 1, 0, 0, 0, 1, 0, 0, 0, 1, -1.90735e-006, 0, 14 )

[node name="Scene Root12" parent="Environment/Fences_01" instance=ExtResource( 10 )]
transform = Transform( 1, 0, 0, 0, 1, 0, 0, 0, 1, -9.53674e-007, 0, 8 )

[node name="Scene Root16" parent="Environment/Fences_01" instance=ExtResource( 10 )]

[node name="Scene Root17" parent="Environment/Fences_01" instance=ExtResource( 10 )]
transform = Transform( 1, 0, 0, 0, 1, 0, 0, 0, 1, 9.53674e-007, 0, -6 )

[node name="Scene Root20" parent="Environment/Fences_01" instance=ExtResource( 10 )]
transform = Transform( 1, 0, 0, 0, 1, 0, 0, 0, 1, 2.87437, 0.284975, -111.821 )

[node name="Scene Root21" parent="Environment/Fences_01" instance=ExtResource( 10 )]
transform = Transform( 0.990093, 0, 0.140412, 0, 1, 0, -0.140412, 0, 0.990093, 2.87437, 0.284975, -114.315 )

[node name="Scene Root22" parent="Environment/Fences_01" instance=ExtResource( 10 )]
transform = Transform( 0.995632, 0, -0.0933645, 0, 1, 0, 0.0933645, 0, 0.995632, 2.87437, 0.284975, -116.41 )

[node name="Scene Root7" parent="Environment/Fences_01" instance=ExtResource( 10 )]
transform = Transform( -4.37114e-008, 0, -1, 0, 1, 0, 1, 0, -4.37114e-008, -3, 0, 15 )

[node name="Scene Root10" parent="Environment/Fences_01" instance=ExtResource( 10 )]
transform = Transform( 1, 0, 0, 0, 1, 0, 0, 0, 1, -1.90735e-006, 0, 12 )

[node name="Scene Root13" parent="Environment/Fences_01" instance=ExtResource( 10 )]
transform = Transform( 1, 0, 0, 0, 1, 0, 0, 0, 1, -9.53674e-007, 0, 6 )

[node name="Scene Root8" parent="Environment/Fences_01" instance=ExtResource( 10 )]
transform = Transform( -4.37114e-008, 0, -1, 0, 1, 0, 1, 0, -4.37114e-008, -1, 0, 15 )

[node name="Scene Root11" parent="Environment/Fences_01" instance=ExtResource( 10 )]
transform = Transform( 1, 0, 0, 0, 1, 0, 0, 0, 1, -9.53674e-007, 0, 10 )

[node name="Scene Root18" parent="Environment/Fences_01" instance=ExtResource( 10 )]
transform = Transform( 1, 0, 0, 0, 1, 0, 0, 0, 1, 0, 0, 2 )

[node name="Scene Root19" parent="Environment/Fences_01" instance=ExtResource( 10 )]
transform = Transform( 1, 0, 0, 0, 1, 0, 0, 0, 1, 9.53674e-007, 0, -4 )

[node name="Scene Root14" parent="Environment/Fences_01" instance=ExtResource( 10 )]
transform = Transform( 1, 0, 0, 0, 1, 0, 0, 0, 1, 0, 0, 4 )

[node name="Scene Root15" parent="Environment/Fences_01" instance=ExtResource( 10 )]
transform = Transform( 1, 0, 0, 0, 1, 0, 0, 0, 1, 2.86102e-006, 0, -2 )

[node name="Lamps" type="Spatial" parent="Environment"]
transform = Transform( 1, 0, 0, 0, 1, 0, 0, 0, 1, -4.5357, 0, 112.563 )

[node name="Scene Root3" parent="Environment/Lamps" instance=ExtResource( 11 )]
transform = Transform( 1, 0, 0, 0, 1, 0, 0, 0, 1, -0.0118036, 0.174428, 35.9941 )

[node name="Scene Root11" parent="Environment/Lamps" instance=ExtResource( 11 )]
transform = Transform( 1, 0, 0, 0, 1, 0, 0, 0, 1, -0.0118036, 0.174428, 44.9941 )

[node name="Scene Root5" parent="Environment/Lamps" instance=ExtResource( 11 )]
transform = Transform( 1, 0, 0, 0, 1, 0, 0, 0, 1, -0.0118036, 0.174428, 23.9941 )

[node name="Scene Root7" parent="Environment/Lamps" instance=ExtResource( 11 )]
transform = Transform( 1, 0, 0, 0, 1, 0, 0, 0, 1, -0.0118036, 0.174428, 11.9941 )

[node name="Scene Root12" parent="Environment/Lamps" instance=ExtResource( 11 )]
transform = Transform( 1, 0, 0, 0, 1, 0, 0, 0, 1, -0.0118036, 0.174428, -35.0059 )

[node name="Scene Root16" parent="Environment/Lamps" instance=ExtResource( 11 )]
transform = Transform( 0.966972, 0, -0.254882, 0, 1, 0, 0.254882, 0, 0.966972, 1.58501, 0.174428, -58.5602 )

[node name="Scene Root18" parent="Environment/Lamps" instance=ExtResource( 11 )]
transform = Transform( 0.966972, 0, -0.254882, 0, 1, 0, 0.254882, 0, 0.966972, 4.74672, 0.174428, -70.4677 )

[node name="Scene Root20" parent="Environment/Lamps" instance=ExtResource( 11 )]
transform = Transform( 0.966972, 0, -0.254882, 0, 1, 0, 0.254882, 0, 0.966972, 7.94399, 0.174428, -82.182 )

[node name="Scene Root21" parent="Environment/Lamps" instance=ExtResource( 11 )]
transform = Transform( 0.966972, 0, -0.254882, 0, 1, 0, 0.254882, 0, 0.966972, 14.8667, 0.174428, -107.246 )

[node name="Scene Root23" parent="Environment/Lamps" instance=ExtResource( 11 )]
transform = Transform( 0.966972, 0, -0.254882, 0, 1, 0, 0.254882, 0, 0.966972, 10.9549, 0.174428, -94.1637 )

[node name="Scene Root24" parent="Environment/Lamps" instance=ExtResource( 11 )]
transform = Transform( 0.966972, 0, -0.254882, 0, 1, 0, 0.254882, 0, 0.966972, 17.8776, 0.174428, -119.227 )

[node name="Scene Root25" parent="Environment/Lamps" instance=ExtResource( 11 )]
transform = Transform( 0.995382, 0, -0.0959923, 0, 1, 0, 0.0959923, 0, 0.995382, 19.1073, 0.174428, -133.255 )

[node name="Scene Root26" parent="Environment/Lamps" instance=ExtResource( 11 )]
transform = Transform( 0.995382, 0, -0.0959923, 0, 1, 0, 0.0959923, 0, 0.995382, 19.1073, 0.174428, -147.668 )

[node name="Scene Root29" parent="Environment/Lamps" instance=ExtResource( 11 )]
transform = Transform( 0.995382, 0, -0.0959923, 0, 1, 0, 0.0959923, 0, 0.995382, 19.2572, 0.174428, -175.271 )

[node name="Scene Root31" parent="Environment/Lamps" instance=ExtResource( 11 )]
transform = Transform( 0.995382, 0, -0.0959923, 0, 1, 0, 0.0959923, 0, 0.995382, 19.2572, 0.174428, -204.349 )

[node name="Scene Root32" parent="Environment/Lamps" instance=ExtResource( 11 )]
transform = Transform( 0.995382, 0, -0.0959923, 0, 1, 0, 0.0959923, 0, 0.995382, 19.2572, 0.174428, -231.439 )

[node name="Scene Root27" parent="Environment/Lamps" instance=ExtResource( 11 )]
transform = Transform( 0.995382, 0, -0.0959923, 0, 1, 0, 0.0959923, 0, 0.995382, 19.1073, 0.174428, -161.621 )

[node name="Scene Root28" parent="Environment/Lamps" instance=ExtResource( 11 )]
transform = Transform( 0.995382, 0, -0.0959923, 0, 1, 0, 0.0959923, 0, 0.995382, 19.2572, 0.174428, -189.224 )

[node name="Scene Root30" parent="Environment/Lamps" instance=ExtResource( 11 )]
transform = Transform( 0.995382, 0, -0.0959923, 0, 1, 0, 0.0959923, 0, 0.995382, 19.2572, 0.174428, -218.302 )

[node name="Scene Root33" parent="Environment/Lamps" instance=ExtResource( 11 )]
transform = Transform( 0.995382, 0, -0.0959923, 0, 1, 0, 0.0959923, 0, 0.995382, 19.2572, 0.174428, -245.392 )

[node name="Scene Root34" parent="Environment/Lamps" instance=ExtResource( 11 )]
transform = Transform( 0.995382, 0, -0.0959923, 0, 1, 0, 0.0959923, 0, 0.995382, 19.2572, 0.174428, -263.392 )

[node name="Scene Root35" parent="Environment/Lamps" instance=ExtResource( 11 )]
transform = Transform( 0.995382, 0, -0.0959923, 0, 1, 0, 0.0959923, 0, 0.995382, 19.2572, 0.174428, -284.392 )

[node name="Scene Root9" parent="Environment/Lamps" instance=ExtResource( 11 )]
transform = Transform( 1, 0, 0, 0, 1, 0, 0, 0, 1, -0.0118036, 0.174428, -0.00585175 )

[node name="Scene Root14" parent="Environment/Lamps" instance=ExtResource( 11 )]
transform = Transform( 1, 0, 0, 0, 1, 0, 0, 0, 1, -0.0118036, 0.174428, -47.0059 )

[node name="Lamps2" type="Spatial" parent="Environment"]
transform = Transform( -4.37114e-008, 0, -1, 0, 1, 0, 1, 0, -4.37114e-008, -10.5357, 0, 112.563 )

[node name="Scene Root11" parent="Environment/Lamps2" instance=ExtResource( 11 )]
transform = Transform( 1, 0, 0, 0, 1, 0, 0, 0, 1, -0.0118036, 0.174428, 41.9941 )

[node name="Scene Root4" parent="Environment/Lamps2" instance=ExtResource( 11 )]
transform = Transform( 1, 0, 0, 0, 1, 0, 0, 0, 1, -0.0118036, 0.174428, 29.9941 )

[node name="Scene Root6" parent="Environment/Lamps2" instance=ExtResource( 11 )]
transform = Transform( 1, 0, 0, 0, 1, 0, 0, 0, 1, -0.0118036, 0.174428, 17.9941 )

[node name="Scene Root8" parent="Environment/Lamps2" instance=ExtResource( 11 )]
transform = Transform( 1, 0, 0, 0, 1, 0, 0, 0, 1, -0.0118036, 0.174428, 5.99415 )

[node name="Spatial" parent="Environment" instance=ExtResource( 12 )]
transform = Transform( -1, 0, -8.74228e-008, 0, 1, 0, 8.74228e-008, 0, -1, -83.2758, 0, 87.273 )

[node name="Spatial21" parent="Environment" instance=ExtResource( 12 )]
transform = Transform( 1.31134e-007, 0, -1, 0, 1, 0, 1, 0, 1.31134e-007, -46.8238, 3.8147e-006, -90.1129 )

[node name="Spatial2" parent="Environment" instance=ExtResource( 12 )]
transform = Transform( -1, 0, -8.74228e-008, 0, 1, 0, 8.74228e-008, 0, -1, -83.2758, 0, 101.273 )

[node name="Spatial3" parent="Environment" instance=ExtResource( 12 )]
transform = Transform( -1, 0, -8.74228e-008, 0, 1, 0, 8.74228e-008, 0, -1, -83.2758, 0, 115.273 )

[node name="Spatial4" parent="Environment" instance=ExtResource( 13 )]
transform = Transform( -0.972515, 0, 0.232839, 0, 1, 0, -0.232839, 0, -0.972515, -63.5745, 0, 121.878 )

[node name="Spatial9" parent="Environment" instance=ExtResource( 13 )]
transform = Transform( 1, 0, 1.74846e-007, 0, 1, 0, -1.74846e-007, 0, 1, -21.3734, 0, 78.8784 )

[node name="Spatial5" parent="Environment" instance=ExtResource( 14 )]
transform = Transform( -1, 0, -8.74228e-008, 0, 1, 0, 8.74228e-008, 0, -1, -36.8452, 0, 73.786 )

[node name="Spatial6" parent="Environment" instance=ExtResource( 14 )]
transform = Transform( -1, 0, -8.74228e-008, 0, 1, 0, 8.74228e-008, 0, -1, -36.8452, 0, 50.786 )

[node name="Spatial7" parent="Environment" instance=ExtResource( 14 )]
transform = Transform( -1, 0, -8.74228e-008, 0, 1, 0, 8.74228e-008, 0, -1, -33.7419, 0, 24.786 )

[node name="Spatial15" parent="Environment" instance=ExtResource( 14 )]
transform = Transform( -1, 0, -8.74228e-008, 0, 1, 0, 8.74228e-008, 0, -1, -47.7184, 0, -59.3136 )

[node name="Spatial19" parent="Environment" instance=ExtResource( 14 )]
transform = Transform( -1, 0, -8.74228e-008, 0, 1, 0, 8.74228e-008, 0, -1, -5.96642, 0, -58.1547 )

[node name="Spatial16" parent="Environment" instance=ExtResource( 14 )]
transform = Transform( -1, 0, -8.74228e-008, 0, 1, 0, 8.74228e-008, 0, -1, -86.2559, 0, -114.493 )

[node name="Spatial17" parent="Environment" instance=ExtResource( 14 )]
transform = Transform( -1, 0, -8.74228e-008, 0, 1, 0, 8.74228e-008, 0, -1, -86.2559, 0, -144.208 )

[node name="Spatial18" parent="Environment" instance=ExtResource( 14 )]
transform = Transform( -1, 0, -8.74228e-008, 0, 1, 0, 8.74228e-008, 0, -1, -86.2559, 0, -174.692 )

[node name="Spatial20" parent="Environment" instance=ExtResource( 14 )]
transform = Transform( -1, 0, -8.74228e-008, 0, 1, 0, 8.74228e-008, 0, -1, -86.2559, 0, -199.596 )

[node name="Spatial8" parent="Environment" instance=ExtResource( 15 )]
transform = Transform( 1, 0, 0, 0, 1, 0, 0, 0, 1, -61.38, 0, 75.508 )

[node name="Trashcan_02" parent="Environment" instance=ExtResource( 16 )]
transform = Transform( 0.887355, 0, 0.461086, 0, 1, 0, -0.461086, 0, 0.887355, -15.3718, 0.137319, 77.2027 )

[node name="Trashcan_03" parent="Environment" instance=ExtResource( 16 )]
transform = Transform( 0.628406, 0, -0.777885, 0, 1, 0, 0.777885, 0, 0.628406, -1.33845, 0.137319, -11.2535 )

[node name="Trashcan_05" parent="Environment" instance=ExtResource( 16 )]
transform = Transform( 0.63011, 0, 0.776505, 0, 1, 0, -0.776505, 0, 0.63011, -5.16346, 0.137319, -42.8278 )

[node name="Trashcan_06" parent="Environment" instance=ExtResource( 16 )]
transform = Transform( 0.582502, 0, -0.812829, 0, 1, 0, 0.812829, 0, 0.582502, -16.4545, 0.137319, -176.822 )

[node name="Trashcan_01" parent="Environment" instance=ExtResource( 8 )]
transform = Transform( 1, 0, 0, 0, 1, 0, 0, 0, 1, -15.4441, 0, 78.053 )

[node name="Trashcan_04" parent="Environment" instance=ExtResource( 8 )]
transform = Transform( 0.198947, 0, -0.98001, 0, 1, 0, 0.98001, 0, 0.198947, -1.41078, 0, -10.4032 )

[node name="Lamps3" type="Spatial" parent="Environment"]
transform = Transform( -4.37114e-008, 0, -1, 0, 1, 0, 1, 0, -4.37114e-008, -4.90825, 0, 89.1258 )

[node name="Scene Root3" parent="Environment/Lamps3" instance=ExtResource( 11 )]
transform = Transform( 1, 0, 0, 0, 1, 0, 0, 0, 1, -0.0118036, 0.174428, 35.9941 )

[node name="Scene Root5" parent="Environment/Lamps3" instance=ExtResource( 11 )]
transform = Transform( 1, 0, 0, 0, 1, 0, 0, 0, 1, -0.0118036, 0.174428, 23.9941 )

[node name="Scene Root7" parent="Environment/Lamps3" instance=ExtResource( 11 )]
transform = Transform( 1, 0, 0, 0, 1, 0, 0, 0, 1, -0.0118036, 0.174428, 11.9941 )

[node name="Scene Root9" parent="Environment/Lamps3" instance=ExtResource( 11 )]
transform = Transform( 1, 0, 0, 0, 1, 0, 0, 0, 1, -0.0118036, 0.174428, -0.00585175 )

[node name="Scene Root10" parent="Environment/Lamps3" instance=ExtResource( 11 )]
transform = Transform( -1.59995e-008, 0.866025, 0.5, -1, -4.37114e-008, 4.37114e-008, 5.97109e-008, -0.5, 0.866025, 4.4045, 0.0795785, 2.12269 )

[node name="MeshInstance" type="MeshInstance" parent="Environment"]
transform = Transform( 9.2, 0, 0, 0, 9.2, 0, 0, 0, 18.216, -34.9171, 9, 145.508 )
mesh = SubResource( 2 )
material/0 = ExtResource( 17 )

[node name="MeshInstance7" type="MeshInstance" parent="Environment"]
transform = Transform( 9.2, 0, 0, 0, 9.2, 0, 0, 0, 18.216, 30.5579, 9, 132.043 )
mesh = SubResource( 2 )
material/0 = ExtResource( 17 )

[node name="MeshInstance3" type="MeshInstance" parent="Environment"]
transform = Transform( 21.16, 0, 0, 0, 9.2, 0, 0, 0, 18.216, -73.9171, 9, 147.508 )
mesh = SubResource( 2 )
material/0 = ExtResource( 17 )

[node name="MeshInstance2" type="MeshInstance" parent="Environment"]
transform = Transform( 9.2, 0, 0, 0, 16.1, 0, 0, 0, 45.1757, -106.917, 11, 102.508 )
mesh = SubResource( 2 )
material/0 = ExtResource( 17 )

[node name="MeshInstance4" type="MeshInstance" parent="Environment"]
transform = Transform( 9.2, 0, 0, 0, 16.1, 0, 0, 0, 45.1757, -68.973, 11, 18.5031 )
mesh = SubResource( 2 )
material/0 = ExtResource( 17 )

[node name="MeshInstance5" type="MeshInstance" parent="Environment"]
transform = Transform( 9.2, 0, 0, 0, 16.1, 0, 0, 0, 45.1757, -96.3171, 11, -57.1219 )
mesh = SubResource( 2 )
material/0 = ExtResource( 17 )

[node name="MeshInstance6" type="MeshInstance" parent="Environment"]
transform = Transform( 9.2, 0, 0, 0, 16.1, 0, 0, 0, 45.1757, -116.618, 11, -142.23 )
mesh = SubResource( 2 )
material/0 = ExtResource( 17 )

[node name="Spatial11" parent="Environment" instance=ExtResource( 12 )]
transform = Transform( -1, 0, -8.74228e-008, 0, 1, 0, 8.74228e-008, 0, -1, -12.7295, 0.355412, 149.575 )

[node name="Spatial12" parent="Environment" instance=ExtResource( 18 )]
transform = Transform( 1, 0, 0, 0, 1, 0, 0, 0, 1, -14.5679, 0.241605, 127.927 )

[node name="Fence_03" type="Spatial" parent="Environment"]
editor/display_folded = true
transform = Transform( 1, 0, 0, 0, 1, 0, 0, 0, 1, -14.5679, 0.241605, 127.927 )

[node name="Scene Root" parent="Environment/Fence_03" instance=ExtResource( 19 )]
transform = Transform( 1, 0, 0, 0, 1, 0, 0, 0, 1, 5.8048, -0.0826206, 12.702 )

[node name="Scene Root2" parent="Environment/Fence_03" instance=ExtResource( 19 )]
transform = Transform( 1, 0, 0, 0, 1, 0, 0, 0, 1, 5.8048, -0.0826206, 13.702 )

[node name="Scene Root3" parent="Environment/Fence_03" instance=ExtResource( 19 )]
transform = Transform( 1, 0, 0, 0, 1, 0, 0, 0, 1, 5.8048, -0.0826206, 14.702 )

[node name="Scene Root4" parent="Environment/Fence_03" instance=ExtResource( 19 )]
transform = Transform( 1, 0, 0, 0, 1, 0, 0, 0, 1, 5.8048, -0.0826206, 15.702 )

[node name="Scene Root5" parent="Environment/Fence_03" instance=ExtResource( 19 )]
transform = Transform( 1, 0, 0, 0, 1, 0, 0, 0, 1, 5.8048, -0.0826206, 16.702 )

[node name="Box" parent="Environment/Fence_03" instance=ExtResource( 20 )]
transform = Transform( 0.881505, 0, 0.472175, 0, 1, 0, -0.472175, 0, 0.881505, 2.19335, -0.0800534, 16.0002 )

[node name="Box4" parent="Environment/Fence_03" instance=ExtResource( 20 )]
transform = Transform( -0.672706, -0.586478, -0.451122, 0.573231, -0.7986, 0.183421, -0.467839, -0.135209, 0.87341, -8.01502, 0.618907, 16.1235 )

[node name="Scene Root6" parent="Environment/Fence_03" instance=ExtResource( 8 )]
transform = Transform( 0.784367, 0, 0.620297, 0, 1, 0, -0.620297, 0, 0.784367, -9.42331, -0.0551591, 16.5536 )

[node name="Scene Root" parent="Environment/Fence_03/Scene Root6" instance=ExtResource( 16 )]
transform = Transform( 1, 0, 0, 0, 1, 0, 0, 0, 1, 1.24589, 0.0054525, -0.345314 )

[node name="Scene Root7" parent="Environment/Fence_03" instance=ExtResource( 8 )]
transform = Transform( 0.784367, 0, 0.620297, 0, 1, 0, -0.620297, 0, 0.784367, -3.33499, -0.0551591, 12.5091 )

[node name="Box3" parent="Environment/Fence_03" instance=ExtResource( 21 )]
transform = Transform( 0.784367, 0, 0.620297, 0, 1, 0, -0.620297, 0, 0.784367, 1.14475, -0.0369551, 12.9783 )

[node name="Box2" parent="Environment/Fence_03" instance=ExtResource( 20 )]
transform = Transform( 0.881505, 0, 0.472175, -0.456519, 0.255367, 0.852278, -0.120578, -0.966844, 0.225108, 0.193346, 0.194141, 16.6501 )

[node name="Scene Root10" parent="Environment" instance=ExtResource( 22 )]
transform = Transform( 0.949177, 0, 0.314742, 0, 1, 0, -0.314742, 0, 0.949177, -4.94767, 0.186409, 137.547 )

[node name="Scene Root29" parent="Environment" instance=ExtResource( 22 )]
transform = Transform( 0.949177, 0, 0.314742, 0, 1, 0, -0.314742, 0, 0.949177, 3.09214, 0.186409, 27.9638 )

[node name="Scene Root30" parent="Environment" instance=ExtResource( 22 )]
transform = Transform( 0.949177, 0, 0.314742, 0, 1, 0, -0.314742, 0, 0.949177, -9.31162, 0.186409, -162.369 )

[node name="Scene Root31" parent="Environment" instance=ExtResource( 22 )]
transform = Transform( 0.949177, 0, 0.314742, 0, 1, 0, -0.314742, 0, 0.949177, -40.3116, 0.186409, -162.369 )

[node name="Scene Root11" parent="Environment" instance=ExtResource( 23 )]
transform = Transform( 1, 0, 0, 0, 1, 0, 0, 0, 1, -4.78592, 0.186409, 116.771 )

[node name="Scene Root12" parent="Environment" instance=ExtResource( 24 )]
transform = Transform( 1, 0, 0, 0, 1, 0, 0, 0, 1, -5.42254, 0.18641, 145.178 )

[node name="Scene Root27" parent="Environment" instance=ExtResource( 24 )]
transform = Transform( 1, 0, 0, 0, 1, 0, 0, 0, 1, -2.81306, 0.18641, -69.3584 )

[node name="Scene Root18" parent="Environment" instance=ExtResource( 24 )]
transform = Transform( 1, 0, 0, 0, 1, 0, 0, 0, 1, -25.323, -0.114195, 106.772 )

[node name="Scene Root19" parent="Environment" instance=ExtResource( 24 )]
transform = Transform( 1, 0, 0, 0, 1, 0, 0, 0, 1, -19.4501, 0.17964, 70.5796 )

[node name="Scene Root13" parent="Environment" instance=ExtResource( 25 )]
transform = Transform( 1, 0, 0, 0, 1, 0, 0, 0, 1, -4.92691, 0.187198, 119.593 )

[node name="Scene Root14" parent="Environment" instance=ExtResource( 25 )]
transform = Transform( 1, 0, 0, 0, 1, 0, 0, 0, 1, -4.92691, 0.187198, 86.5927 )

[node name="Scene Root20" parent="Environment" instance=ExtResource( 25 )]
transform = Transform( 1, 0, 0, 0, 1, 0, 0, 0, 1, 1.49755, 0.187198, 35.7198 )

[node name="Scene Root28" parent="Environment" instance=ExtResource( 25 )]
transform = Transform( 1, 0, 0, 0, 1, 0, 0, 0, 1, 13.2613, 0.187198, -56.3383 )

[node name="Box" parent="Environment" instance=ExtResource( 20 )]
transform = Transform( 0.426723, 0.696484, 0.576904, -0.414182, 0.717572, -0.559949, -0.803966, 0, 0.594676, -26.107, 0.235296, 68.3863 )

[node name="Box11" parent="Environment" instance=ExtResource( 20 )]
transform = Transform( 0.947632, 0.152256, 0.280734, -0.301315, 0.717572, 0.627932, -0.105841, -0.679638, 0.725872, -2.19552, 0.235296, -42.2123 )

[node name="Box16" parent="Environment" instance=ExtResource( 20 )]
transform = Transform( -0.148213, 0.615288, -0.774244, -0.301315, 0.717572, 0.627932, 0.941935, 0.326359, 0.0790425, -17.832, 0.235296, -174.122 )

[node name="Box7" parent="Environment" instance=ExtResource( 20 )]
transform = Transform( 0.556571, 0.078535, 0.827079, -0.178935, 0.98349, 0.0270247, -0.811302, -0.163034, 0.561435, -6.5005, 0.161875, 8.05565 )

[node name="Box4" parent="Environment" instance=ExtResource( 20 )]
transform = Transform( 0.426723, 0.696484, 0.576904, -0.414182, 0.717572, -0.559949, -0.803966, 0, 0.594676, -26.107, 0.235296, 68.3863 )

[node name="Box3" parent="Environment" instance=ExtResource( 21 )]
transform = Transform( -0.157361, -0.350937, 0.923082, -0.00362986, -0.934516, -0.355903, 0.987534, -0.0593559, 0.145782, -24.5111, 0.677952, 64.6252 )

[node name="Box13" parent="Environment" instance=ExtResource( 21 )]
transform = Transform( -0.13036, -0.134637, -0.982283, -0.312906, -0.934516, 0.169616, -0.940795, 0.329474, 0.0796944, -5.51681, 0.677952, -44.5919 )

[node name="Box14" parent="Environment" instance=ExtResource( 21 )]
transform = Transform( 0.941817, -0.282212, 0.182582, -0.312906, -0.934516, 0.169616, 0.122758, -0.216879, -0.96845, -14.6597, 0.677952, -176.697 )

[node name="Box9" parent="Environment" instance=ExtResource( 21 )]
transform = Transform( -0.157361, -0.016647, 0.987401, -0.00362975, -0.999841, -0.0174352, 0.987534, -0.00632765, 0.157276, -4.62171, 0.677948, 3.87432 )

[node name="Box10" parent="Environment" instance=ExtResource( 21 )]
transform = Transform( 0.828521, -0.016647, 0.55971, -0.0173367, -0.999841, -0.00407456, 0.559689, -0.00632766, -0.828679, -3.00029, 0.734493, -9.32612 )

[node name="Box6" parent="Environment" instance=ExtResource( 21 )]
transform = Transform( -0.157361, -0.350937, 0.923082, -0.00362986, -0.934516, -0.355903, 0.987534, -0.0593559, 0.145782, -24.5111, 0.677952, 64.6252 )

[node name="Box2" parent="Environment" instance=ExtResource( 20 )]
transform = Transform( -0.157361, -0.350937, 0.923082, -0.00362989, -0.934516, -0.355903, 0.987534, -0.0593559, 0.145782, -26.107, 0.835549, 67.1758 )

[node name="Box12" parent="Environment" instance=ExtResource( 20 )]
transform = Transform( -0.13036, -0.134637, -0.982283, -0.312906, -0.934516, 0.169616, -0.940795, 0.329474, 0.0796946, -3.37674, 0.835549, -42.4769 )

[node name="Box15" parent="Environment" instance=ExtResource( 20 )]
transform = Transform( 0.941817, -0.282212, 0.182582, -0.312906, -0.934516, 0.169616, 0.122758, -0.216879, -0.968449, -17.2648, 0.835549, -175.192 )

[node name="Box8" parent="Environment" instance=ExtResource( 20 )]
transform = Transform( -0.157361, 0.26371, 0.95168, -0.00362979, -0.963834, 0.266478, 0.987534, 0.0384788, 0.152627, -6.21767, 0.835546, 6.42497 )

[node name="Box5" parent="Environment" instance=ExtResource( 20 )]
transform = Transform( -0.157361, -0.350937, 0.923082, -0.00362989, -0.934516, -0.355903, 0.987534, -0.0593559, 0.145782, -26.107, 0.835549, 67.1758 )

[node name="Scene Root15" parent="Environment" instance=ExtResource( 25 )]
transform = Transform( 1, 0, 0, 0, 1, 0, 0, 0, 1, -55.9188, 0.187198, 88.5444 )

[node name="Scene Root16" parent="Environment" instance=ExtResource( 5 )]
transform = Transform( 0.709373, 0, -0.704833, 0, 1, 0, 0.704833, 0, 0.709373, -12.1966, -0.0906253, 108.777 )

[node name="Scene Root17" parent="Environment" instance=ExtResource( 5 )]
transform = Transform( 0.956501, 0, -0.29173, 0, 1, 0, 0.29173, 0, 0.956501, -8.89586, 0.170109, 86.8408 )

[node name="Scene Root21" parent="Environment" instance=ExtResource( 5 )]
transform = Transform( 0.925959, 0, 0.377625, 0, 1, 0, -0.377625, 0, 0.925959, -9.92621, 0.170109, 34.3806 )

[node name="Scene Root22" parent="Environment" instance=ExtResource( 5 )]
transform = Transform( 0.262998, 0, 0.964797, 0, 1, 0, -0.964797, 0, 0.262998, -12.1966, 0.169701, 113.58 )

[node name="Scene Root23" parent="Environment" instance=ExtResource( 26 )]
transform = Transform( 0.983557, 0, 0.180601, 0, 1, 0, -0.180601, 0, 0.983557, -10.7891, 0.23622, 101.054 )

[node name="Scene Root24" parent="Environment" instance=ExtResource( 26 )]
transform = Transform( 0.983557, 0, 0.180601, 0, 1, 0, -0.180601, 0, 0.983557, 6.20584, 0.411947, -45.5047 )

[node name="Scene Root25" parent="Environment" instance=ExtResource( 26 )]
transform = Transform( 0.983557, 0, 0.180601, 0, 1, 0, -0.180601, 0, 0.983557, 7.47119, 0.411947, -163.819 )

[node name="Scene Root26" parent="Environment" instance=ExtResource( 26 )]
transform = Transform( -0.313686, 0, -0.949528, 0, 1, 0, 0.949528, 0, -0.313686, 24.2277, 0.218665, -169.056 )

[node name="Scene Root32" parent="Environment" instance=ExtResource( 26 )]
transform = Transform( 0.404561, 0, -0.914511, 0, 1, 0, 0.914511, 0, 0.404561, -10.7891, 0.23622, 93.0057 )

[node name="Bench" parent="Environment" instance=ExtResource( 27 )]
transform = Transform( -4.37114e-008, 0, 1, 0, 1, 0, -1, 0, -4.37114e-008, -30.1096, 0.18641, 114.176 )

[node name="Bench6" parent="Environment" instance=ExtResource( 27 )]
transform = Transform( -4.37114e-008, 0, 1, 0, 1, 0, -1, 0, -4.37114e-008, -32.083, 0.18641, -162.583 )

[node name="Bench7" parent="Environment" instance=ExtResource( 27 )]
transform = Transform( -4.37114e-008, 0, 1, 0, 1, 0, -1, 0, -4.37114e-008, -6.43196, 0.18641, -162.583 )

[node name="Bench4" parent="Environment" instance=ExtResource( 27 )]
transform = Transform( 1.31134e-007, 0, -1, 0, 1, 0, 1, 0, 1.31134e-007, -42.1096, 0.18641, 84.8599 )

[node name="Bench2" parent="Environment" instance=ExtResource( 27 )]
transform = Transform( -4.37114e-008, 0, 1, 0, 1, 0, -1, 0, -4.37114e-008, -42.1096, 0.18641, 114.176 )

[node name="Bench5" parent="Environment" instance=ExtResource( 27 )]
transform = Transform( -4.37114e-008, 0, 1, 0, 1, 0, -1, 0, -4.37114e-008, -44.083, 0.18641, -162.583 )

[node name="Bench8" parent="Environment" instance=ExtResource( 27 )]
transform = Transform( -4.37114e-008, 0, 1, 0, 1, 0, -1, 0, -4.37114e-008, -18.432, 0.18641, -162.583 )

[node name="Bench3" parent="Environment" instance=ExtResource( 27 )]
transform = Transform( 1.31134e-007, 0, -1, 0, 1, 0, 1, 0, 1.31134e-007, -30.1096, 0.18641, 84.8599 )

[node name="Scene Root33" parent="Environment" instance=ExtResource( 23 )]
transform = Transform( 0.939223, 0, -0.343307, 0, 1, 0, 0.343307, 0, 0.939223, 12.3552, 0.186409, -2.02734 )

[node name="Spatial22" parent="Environment" instance=ExtResource( 12 )]
transform = Transform( -0.949608, 0, 0.31344, 0, 1, 0, -0.31344, 0, -0.949608, -2.47774, -0.213261, -2.04485 )

[node name="Scene Root34" parent="Environment" instance=ExtResource( 19 )]
transform = Transform( 0.973046, 0, -0.23061, 0, 1, 0, 0.23061, 0, 0.973046, -1.75562, 0.0868333, 10.0664 )

[node name="Scene Root35" parent="Environment" instance=ExtResource( 19 )]
transform = Transform( 0.973046, 0, -0.23061, 0, 1, 0, 0.23061, 0, 0.973046, -1.52501, 0.0868333, 9.09332 )

[node name="Scene Root36" parent="Environment" instance=ExtResource( 19 )]
transform = Transform( 0.973046, 0, -0.23061, 0, 1, 0, 0.23061, 0, 0.973046, -1.2944, 0.0868333, 8.12027 )

[node name="Scene Root37" parent="Environment" instance=ExtResource( 19 )]
transform = Transform( 0.973046, 0, -0.23061, 0, 1, 0, 0.23061, 0, 0.973046, -1.06379, 0.0868333, 7.14723 )

[node name="Scene Root38" parent="Environment" instance=ExtResource( 19 )]
transform = Transform( 0.973046, 0, -0.23061, 0, 1, 0, 0.23061, 0, 0.973046, -0.833177, 0.0868333, 6.17418 )

[node name="Scene Root39" parent="Environment" instance=ExtResource( 19 )]
transform = Transform( 0.973046, 0, -0.23061, 0, 1, 0, 0.23061, 0, 0.973046, -0.602568, 0.0868333, 5.20113 )

[node name="Scene Root40" parent="Environment" instance=ExtResource( 19 )]
transform = Transform( 0.94257, 0, -0.334008, 0, 1, 0, 0.334008, 0, 0.94257, 1.95833, 0.0868333, -6.08884 )

[node name="Scene Root41" parent="Environment" instance=ExtResource( 19 )]
transform = Transform( 0.94257, 0, -0.334008, 0, 1, 0, 0.334008, 0, 0.94257, 2.36307, 0.0868333, -7.23103 )

[node name="Scene Root42" parent="Environment" instance=ExtResource( 19 )]
transform = Transform( 0.94257, 0, -0.334008, 0, 1, 0, 0.334008, 0, 0.94257, 2.79242, 0.0868333, -8.44263 )

[node name="Scene Root43" parent="Environment" instance=ExtResource( 19 )]
transform = Transform( 0.94257, 0, -0.334008, 0, 1, 0, 0.334008, 0, 0.94257, 3.12643, 0.0868333, -9.3852 )

[node name="Scene Root44" parent="Environment" instance=ExtResource( 19 )]
transform = Transform( 0.94257, 0, -0.334008, 0, 1, 0, 0.334008, 0, 0.94257, 3.46043, 0.0868333, -10.3278 )

[node name="Spatial23" parent="Environment" instance=ExtResource( 28 )]
transform = Transform( 1, 0, 0, 0, 1, 0, 0, 0, 1, -3.97965, 0.162947, -28.3448 )

[node name="Spatial24" parent="Environment" instance=ExtResource( 7 )]
transform = Transform( -4.37114e-008, 0, -1, 0, 1, 0, 1, 0, -4.37114e-008, -30.6645, -0.115698, -185.508 )

[node name="Spatial25" parent="Environment" instance=ExtResource( 28 )]
transform = Transform( 1, 0, 0, 0, 1, 0, 0, 0, 1, -5.50291, -0.399351, -87.6575 )

[node name="Scene Root45" parent="Environment" instance=ExtResource( 29 )]
transform = Transform( 1, 0, 0, 0, 1, 0, 0, 0, 1, -27.3926, 0.247053, -130.442 )

[node name="DirectionalLight" type="DirectionalLight" parent="."]
transform = Transform( 0.65978, -0.580345, 0.477378, 0, 0.635268, 0.772292, -0.751458, -0.509543, 0.419137, 0, 32.3276, 97.5948 )
shadow_enabled = true

[node name="WorldEnvironment" type="WorldEnvironment" parent="."]
environment = SubResource( 3 )

[node name="Player" parent="." instance=ExtResource( 30 )]
transform = Transform( 1, 0, 1.74846e-007, 0, 1, 0, -1.74846e-007, 0, 1, 5.83087, 0, 146.853 )

