[gd_scene load_steps=38 format=2]

[ext_resource path="res://MainMenuLevel.gd" type="Script" id=1]
[ext_resource path="res://assets/prefabs/P_Fusebox.tscn" type="PackedScene" id=2]
[ext_resource path="res://assets/prefabs/P_Building_04.tscn" type="PackedScene" id=3]
[ext_resource path="res://assets/prefabs/P_Sign_01.tscn" type="PackedScene" id=4]
[ext_resource path="res://assets/prefabs/P_Car_01.tscn" type="PackedScene" id=5]
[ext_resource path="res://assets/prefabs/P_Building_08.tscn" type="PackedScene" id=6]
[ext_resource path="res://assets/prefabs/P_Trashcan_01.tscn" type="PackedScene" id=7]
[ext_resource path="res://assets/prefabs/P_Floor.tscn" type="PackedScene" id=8]
[ext_resource path="res://assets/prefabs/P_Fence_01.tscn" type="PackedScene" id=9]
[ext_resource path="res://assets/prefabs/P_Lamp.tscn" type="PackedScene" id=10]
[ext_resource path="res://assets/prefabs/P_Building_01.tscn" type="PackedScene" id=11]
[ext_resource path="res://assets/prefabs/P_Building_03.tscn" type="PackedScene" id=12]
[ext_resource path="res://assets/prefabs/P_Building_02.tscn" type="PackedScene" id=13]
[ext_resource path="res://assets/prefabs/P_Building_06.tscn" type="PackedScene" id=14]
[ext_resource path="res://assets/prefabs/P_Trashcan_02.tscn" type="PackedScene" id=15]
[ext_resource path="res://assets/materials/M_Wall_Red.tres" type="Material" id=16]
[ext_resource path="res://assets/prefabs/P_Building_09.tscn" type="PackedScene" id=17]
[ext_resource path="res://assets/prefabs/P_Fence_02.tscn" type="PackedScene" id=18]
[ext_resource path="res://assets/prefabs/P_Box_01.tscn" type="PackedScene" id=19]
[ext_resource path="res://assets/prefabs/P_Box_02.tscn" type="PackedScene" id=20]
[ext_resource path="res://assets/prefabs/P_Trashcan_03.tscn" type="PackedScene" id=21]
[ext_resource path="res://assets/prefabs/P_Mailbox.tscn" type="PackedScene" id=22]
[ext_resource path="res://assets/prefabs/P_Manhole.tscn" type="PackedScene" id=23]
[ext_resource path="res://assets/prefabs/P_Hydrant.tscn" type="PackedScene" id=24]
[ext_resource path="res://assets/prefabs/P_Car_02.tscn" type="PackedScene" id=25]
[ext_resource path="res://assets/prefabs/P_Bench.tscn" type="PackedScene" id=26]
[ext_resource path="res://assets/prefabs/P_Building_05.tscn" type="PackedScene" id=27]
[ext_resource path="res://IntroLevel.gd" type="Script" id=28]
[ext_resource path="res://fonts/noir/Noir/NoirPro-Medium.ttf" type="DynamicFontData" id=29]
[ext_resource path="res://images/wallpaper_sm.png" type="Texture" id=30]
[ext_resource path="res://Enemy.tscn" type="PackedScene" id=31]

[sub_resource type="Environment" id=1]
background_mode = 3
background_color = Color( 0.917647, 0.858824, 0.858824, 1 )
ambient_light_color = Color( 1, 0.717647, 0.529412, 1 )
ambient_light_energy = 1.95
fog_enabled = true
fog_color = Color( 0.764706, 0.764706, 0.764706, 1 )
fog_depth_begin = 40.0
fog_depth_end = 150.0
fog_depth_curve = 1.56917
fog_height_enabled = true
tonemap_mode = 2
ssao_enabled = true
ssao_radius = 0.3
ssao_intensity = 2.5
ssao_intensity2 = 10.6
ssao_bias = 0.05
glow_enabled = true
glow_intensity = 0.1
glow_bloom = 0.05
adjustment_enabled = true
adjustment_saturation = 0.5

[sub_resource type="BoxShape" id=2]
extents = Vector3( 41.1754, 1, 195.023 )

[sub_resource type="CubeMesh" id=3]

[sub_resource type="DynamicFont" id=4]
size = 32
font_data = ExtResource( 29 )

[sub_resource type="DynamicFont" id=5]
size = 64
outline_color = Color( 0.0392157, 0.0392157, 0.0392157, 1 )
font_data = ExtResource( 29 )

[sub_resource type="Animation" id=6]
length = 10.0
tracks/0/type = "value"
tracks/0/path = NodePath("BdRect2:color")
tracks/0/interp = 1
tracks/0/loop_wrap = true
tracks/0/imported = false
tracks/0/enabled = true
tracks/0/keys = {
"times": PoolRealArray( 0, 1.5, 2, 4, 4.5 ),
"transitions": PoolRealArray( 1, 1, 1, 1, 1 ),
"update": 0,
"values": [ Color( 0.0509804, 0.117647, 0.160784, 1 ), Color( 0.0509804, 0.117647, 0.160784, 1 ), Color( 0.0509804, 0.117647, 0.160784, 0 ), Color( 0.0509804, 0.117647, 0.160784, 0 ), Color( 0.0509804, 0.117647, 0.160784, 1 ) ]
}
tracks/1/type = "value"
tracks/1/path = NodePath("GodotImgRect:visible")
tracks/1/interp = 1
tracks/1/loop_wrap = true
tracks/1/imported = false
tracks/1/enabled = true
tracks/1/keys = {
"times": PoolRealArray( 0, 4.5, 4.7 ),
"transitions": PoolRealArray( 1, 1, 1 ),
"update": 1,
"values": [ true, true, false ]
}
tracks/2/type = "value"
tracks/2/path = NodePath("BdRect2:visible")
tracks/2/interp = 1
tracks/2/loop_wrap = true
tracks/2/imported = false
tracks/2/enabled = true
tracks/2/keys = {
"times": PoolRealArray( 0, 4.5, 4.7 ),
"transitions": PoolRealArray( 1, 1, 1 ),
"update": 1,
"values": [ true, true, false ]
}
tracks/3/type = "value"
tracks/3/path = NodePath("BgRect:rect_position")
tracks/3/interp = 1
tracks/3/loop_wrap = true
tracks/3/imported = false
tracks/3/enabled = true
tracks/3/keys = {
"times": PoolRealArray( 0, 6, 6.5 ),
"transitions": PoolRealArray( 1, 1, 1 ),
"update": 0,
"values": [ Vector2( 0, 0 ), Vector2( 0, 0 ), Vector2( 0, -616 ) ]
}

[node name="MainMenuLevel" type="Spatial"]
script = ExtResource( 1 )

[node name="WorldEnvironment" type="WorldEnvironment" parent="."]
environment = SubResource( 1 )

[node name="Environment" type="Spatial" parent="."]
editor/display_folded = true

[node name="Fusebox" parent="Environment" instance=ExtResource( 2 )]
transform = Transform( -4.37114e-008, 0, 1, 0, 1, 0, -1, 0, -4.37114e-008, -22.4092, 9.53674e-007, 73.4107 )

[node name="Fusebox2" parent="Environment" instance=ExtResource( 2 )]
transform = Transform( 1, 0, 0, 0, 1, 0, 0, 0, 1, -27.2809, 9.53674e-007, 67.815 )

[node name="Spatial10" parent="Environment" instance=ExtResource( 3 )]
transform = Transform( -4.37114e-008, 0, -1, 0, 1, 0, 1, 0, -4.37114e-008, -36.308, 0, 126.012 )

[node name="Scene Root2" parent="Environment" instance=ExtResource( 4 )]
transform = Transform( -4.37114e-008, 0, -1, 0, 1, 0, 1, 0, -4.37114e-008, -4.50427, 0.186409, 135.235 )

[node name="Scene Root" parent="Environment" instance=ExtResource( 5 )]
transform = Transform( 1, 0, 0, 0, 1, 0, 0, 0, 1, -2.57216, -0.152685, 133.267 )

[node name="Scene Root4" parent="Environment" instance=ExtResource( 5 )]
transform = Transform( 0.978711, 0, -0.205242, 0, 1, 0, 0.205242, 0, 0.978711, -0.767548, -0.189181, 55.7323 )

[node name="Spatial14" parent="Environment" instance=ExtResource( 3 )]
transform = Transform( -0.955118, 0, 0.296226, 0, 1, 0, -0.296226, 0, -0.955118, -13.6913, 0.247057, 18.0782 )

[node name="Spatial13" parent="Environment" instance=ExtResource( 6 )]
transform = Transform( 1, 0, 0, 0, 1, 0, 0, 0, 1, -16.5106, 0.233407, 49.6708 )

[node name="Scene Root3" parent="Environment" instance=ExtResource( 7 )]
transform = Transform( 1, 0, 0, 0, 1, 0, 0, 0, 1, -26.851, 0.186426, 70.2409 )

[node name="Scene Root5" parent="Environment" instance=ExtResource( 7 )]
transform = Transform( 1, 0, 0, 0, 1, 0, 0, 0, 1, -2.23652, 0.186426, 4.03503 )

[node name="Floor" parent="Environment" instance=ExtResource( 8 )]
transform = Transform( 1, 0, 0, 0, 1, 0, 0, 0, 1, 0.0495682, 0.0637054, 149.932 )

[node name="StaticBody" type="StaticBody" parent="Environment/Floor"]

[node name="CollisionShape" type="CollisionShape" parent="Environment/Floor/StaticBody"]
transform = Transform( 1, 0, 0, 0, 1, 0, 0, 0, 1, 11.3558, -0.827019, -178.075 )
shape = SubResource( 2 )

[node name="Scene Root6" parent="Environment" instance=ExtResource( 9 )]
transform = Transform( 1.31135e-007, 0, -1, 0, 1, 0, 1, 0, 1.31135e-007, -15.0606, 0, 83.8845 )

[node name="Scene Root9" parent="Environment" instance=ExtResource( 9 )]
transform = Transform( 1, 0, 1.74846e-007, 0, 1, 0, -1.74846e-007, 0, 1, -10.0606, 0, 82.8845 )

[node name="Scene Root12" parent="Environment" instance=ExtResource( 9 )]
transform = Transform( 1, 0, 1.74846e-007, 0, 1, 0, -1.74846e-007, 0, 1, -10.0606, 0, 76.8845 )

[node name="Scene Root16" parent="Environment" instance=ExtResource( 9 )]
transform = Transform( 1, 0, 1.74846e-007, 0, 1, 0, -1.74846e-007, 0, 1, -10.0606, 0, 68.8845 )

[node name="Scene Root17" parent="Environment" instance=ExtResource( 9 )]
transform = Transform( 1, 0, 1.74846e-007, 0, 1, 0, -1.74846e-007, 0, 1, -10.0606, 0, 62.8845 )

[node name="Scene Root7" parent="Environment" instance=ExtResource( 9 )]
transform = Transform( 1.31135e-007, 0, -1, 0, 1, 0, 1, 0, 1.31135e-007, -13.0606, 0, 83.8845 )

[node name="Scene Root10" parent="Environment" instance=ExtResource( 9 )]
transform = Transform( 1, 0, 1.74846e-007, 0, 1, 0, -1.74846e-007, 0, 1, -10.0606, 0, 80.8845 )

[node name="Scene Root13" parent="Environment" instance=ExtResource( 9 )]
transform = Transform( 1, 0, 1.74846e-007, 0, 1, 0, -1.74846e-007, 0, 1, -10.0606, 0, 74.8845 )

[node name="Scene Root8" parent="Environment" instance=ExtResource( 9 )]
transform = Transform( 1.31135e-007, 0, -1, 0, 1, 0, 1, 0, 1.31135e-007, -11.0606, 0, 83.8845 )

[node name="Scene Root11" parent="Environment" instance=ExtResource( 9 )]
transform = Transform( 1, 0, 1.74846e-007, 0, 1, 0, -1.74846e-007, 0, 1, -10.0606, 0, 78.8845 )

[node name="Scene Root18" parent="Environment" instance=ExtResource( 9 )]
transform = Transform( 1, 0, 1.74846e-007, 0, 1, 0, -1.74846e-007, 0, 1, -10.0606, 0, 70.8845 )

[node name="Scene Root19" parent="Environment" instance=ExtResource( 9 )]
transform = Transform( 1, 0, 1.74846e-007, 0, 1, 0, -1.74846e-007, 0, 1, -10.0606, 0, 64.8845 )

[node name="Scene Root14" parent="Environment" instance=ExtResource( 9 )]
transform = Transform( 1, 0, 1.74846e-007, 0, 1, 0, -1.74846e-007, 0, 1, -10.0606, 0, 72.8845 )

[node name="Scene Root15" parent="Environment" instance=ExtResource( 9 )]
transform = Transform( 1, 0, 1.74846e-007, 0, 1, 0, -1.74846e-007, 0, 1, -10.0606, 0, 66.8845 )

[node name="Scene Root20" parent="Environment" instance=ExtResource( 10 )]
transform = Transform( 1, 0, 0, 0, 1, 0, 0, 0, 1, -4.5475, 0.174428, 148.557 )

[node name="Scene Root21" parent="Environment" instance=ExtResource( 10 )]
transform = Transform( 1, 0, 0, 0, 1, 0, 0, 0, 1, -4.5475, 0.174428, 157.557 )

[node name="Scene Root22" parent="Environment" instance=ExtResource( 10 )]
transform = Transform( 1, 0, 0, 0, 1, 0, 0, 0, 1, -4.5475, 0.174428, 136.557 )

[node name="Scene Root23" parent="Environment" instance=ExtResource( 10 )]
transform = Transform( 1, 0, 0, 0, 1, 0, 0, 0, 1, -4.5475, 0.174428, 124.557 )

[node name="Scene Root24" parent="Environment" instance=ExtResource( 10 )]
transform = Transform( 1, 0, 0, 0, 1, 0, 0, 0, 1, -4.5475, 0.174428, 77.5571 )

[node name="Scene Root25" parent="Environment" instance=ExtResource( 10 )]
transform = Transform( 0.966972, 0, -0.254882, 0, 1, 0, 0.254882, 0, 0.966972, -2.95069, 0.174428, 54.0028 )

[node name="Scene Root26" parent="Environment" instance=ExtResource( 10 )]
transform = Transform( 0.966972, 0, -0.254882, 0, 1, 0, 0.254882, 0, 0.966972, 0.21102, 0.174428, 42.0953 )

[node name="Scene Root27" parent="Environment" instance=ExtResource( 10 )]
transform = Transform( 0.966972, 0, -0.254882, 0, 1, 0, 0.254882, 0, 0.966972, 3.40829, 0.174428, 30.381 )

[node name="Scene Root28" parent="Environment" instance=ExtResource( 10 )]
transform = Transform( 0.966972, 0, -0.254882, 0, 1, 0, 0.254882, 0, 0.966972, 10.331, 0.174428, 5.317 )

[node name="Scene Root29" parent="Environment" instance=ExtResource( 10 )]
transform = Transform( 0.966972, 0, -0.254882, 0, 1, 0, 0.254882, 0, 0.966972, 6.4192, 0.174428, 18.3993 )

[node name="Scene Root30" parent="Environment" instance=ExtResource( 10 )]
transform = Transform( 0.966972, 0, -0.254882, 0, 1, 0, 0.254882, 0, 0.966972, 13.3419, 0.174428, -6.66399 )

[node name="Scene Root31" parent="Environment" instance=ExtResource( 10 )]
transform = Transform( 1, 0, 0, 0, 1, 0, 0, 0, 1, -4.5475, 0.174428, 112.557 )

[node name="Scene Root32" parent="Environment" instance=ExtResource( 10 )]
transform = Transform( 1, 0, 0, 0, 1, 0, 0, 0, 1, -4.5475, 0.174428, 65.5571 )

[node name="Scene Root33" parent="Environment" instance=ExtResource( 10 )]
transform = Transform( -4.37114e-008, 0, -1, 0, 1, 0, 1, 0, -4.37114e-008, -52.5298, 0.174428, 112.551 )

[node name="Scene Root34" parent="Environment" instance=ExtResource( 10 )]
transform = Transform( -4.37114e-008, 0, -1, 0, 1, 0, 1, 0, -4.37114e-008, -40.5298, 0.174428, 112.551 )

[node name="Scene Root35" parent="Environment" instance=ExtResource( 10 )]
transform = Transform( -4.37114e-008, 0, -1, 0, 1, 0, 1, 0, -4.37114e-008, -28.5298, 0.174428, 112.551 )

[node name="Scene Root36" parent="Environment" instance=ExtResource( 10 )]
transform = Transform( -4.37114e-008, 0, -1, 0, 1, 0, 1, 0, -4.37114e-008, -16.5299, 0.174428, 112.551 )

[node name="Spatial" parent="Environment" instance=ExtResource( 11 )]
transform = Transform( -1, 0, -8.74228e-008, 0, 1, 0, 8.74228e-008, 0, -1, -83.2758, 0, 87.273 )

[node name="Spatial2" parent="Environment" instance=ExtResource( 11 )]
transform = Transform( -1, 0, -8.74228e-008, 0, 1, 0, 8.74228e-008, 0, -1, -83.2758, 0, 101.273 )

[node name="Spatial3" parent="Environment" instance=ExtResource( 11 )]
transform = Transform( -1, 0, -8.74228e-008, 0, 1, 0, 8.74228e-008, 0, -1, -83.2758, 0, 115.273 )

[node name="Spatial4" parent="Environment" instance=ExtResource( 12 )]
transform = Transform( -0.972515, 0, 0.232839, 0, 1, 0, -0.232839, 0, -0.972515, -63.5745, 0, 121.878 )

[node name="Spatial9" parent="Environment" instance=ExtResource( 12 )]
transform = Transform( 1, 0, 1.74846e-007, 0, 1, 0, -1.74846e-007, 0, 1, -21.3734, 0, 78.8784 )

[node name="Spatial5" parent="Environment" instance=ExtResource( 13 )]
transform = Transform( -1, 0, -8.74228e-008, 0, 1, 0, 8.74228e-008, 0, -1, -36.8452, 0, 73.786 )

[node name="Spatial6" parent="Environment" instance=ExtResource( 13 )]
transform = Transform( -1, 0, -8.74228e-008, 0, 1, 0, 8.74228e-008, 0, -1, -36.8452, 0, 50.786 )

[node name="Spatial7" parent="Environment" instance=ExtResource( 13 )]
transform = Transform( -1, 0, -8.74228e-008, 0, 1, 0, 8.74228e-008, 0, -1, -33.7419, 0, 24.786 )

[node name="Spatial8" parent="Environment" instance=ExtResource( 14 )]
transform = Transform( 1, 0, 0, 0, 1, 0, 0, 0, 1, -61.38, 0, 75.508 )

[node name="Trashcan_02" parent="Environment" instance=ExtResource( 15 )]
transform = Transform( 0.887355, 0, 0.461086, 0, 1, 0, -0.461086, 0, 0.887355, -15.3718, 0.137319, 77.2027 )

[node name="Trashcan_03" parent="Environment" instance=ExtResource( 15 )]
transform = Transform( 0.628406, 0, -0.777885, 0, 1, 0, 0.777885, 0, 0.628406, -1.33845, 0.137319, -11.2535 )

[node name="Trashcan_01" parent="Environment" instance=ExtResource( 7 )]
transform = Transform( 1, 0, 0, 0, 1, 0, 0, 0, 1, -15.4441, 0, 78.053 )

[node name="Trashcan_04" parent="Environment" instance=ExtResource( 7 )]
transform = Transform( 0.198947, 0, -0.98001, 0, 1, 0, 0.98001, 0, 0.198947, -1.41078, 0, -10.4032 )

[node name="Scene Root37" parent="Environment" instance=ExtResource( 10 )]
transform = Transform( -4.37114e-008, 0, -1, 0, 1, 0, 1, 0, -4.37114e-008, -40.9023, 0.174428, 89.114 )

[node name="Scene Root38" parent="Environment" instance=ExtResource( 10 )]
transform = Transform( -4.37114e-008, 0, -1, 0, 1, 0, 1, 0, -4.37114e-008, -28.9024, 0.174428, 89.114 )

[node name="Scene Root39" parent="Environment" instance=ExtResource( 10 )]
transform = Transform( -4.37114e-008, 0, -1, 0, 1, 0, 1, 0, -4.37114e-008, -16.9023, 0.174428, 89.114 )

[node name="Scene Root40" parent="Environment" instance=ExtResource( 10 )]
transform = Transform( -4.37114e-008, 0, -1, 0, 1, 0, 1, 0, -4.37114e-008, -4.9024, 0.174428, 89.114 )

[node name="Scene Root41" parent="Environment" instance=ExtResource( 10 )]
transform = Transform( -5.97109e-008, 0.5, -0.866025, -1, -4.37114e-008, 4.37114e-008, -1.59995e-008, 0.866025, 0.5, -7.03094, 0.0795785, 93.5303 )

[node name="MeshInstance" type="MeshInstance" parent="Environment"]
transform = Transform( 9.2, 0, 0, 0, 9.2, 0, 0, 0, 18.216, -34.9171, 9, 145.508 )
mesh = SubResource( 3 )
material/0 = ExtResource( 16 )

[node name="MeshInstance7" type="MeshInstance" parent="Environment"]
transform = Transform( 9.2, 0, 0, 0, 9.2, 0, 0, 0, 18.216, 40.5579, 9, 132.043 )
mesh = SubResource( 3 )
material/0 = ExtResource( 16 )

[node name="MeshInstance3" type="MeshInstance" parent="Environment"]
transform = Transform( 21.16, 0, 0, 0, 9.2, 0, 0, 0, 18.216, -73.9171, 9, 147.508 )
mesh = SubResource( 3 )
material/0 = ExtResource( 16 )

[node name="MeshInstance2" type="MeshInstance" parent="Environment"]
transform = Transform( 9.2, 0, 0, 0, 16.1, 0, 0, 0, 45.1757, -106.917, 11, 102.508 )
mesh = SubResource( 3 )
material/0 = ExtResource( 16 )

[node name="Spatial11" parent="Environment" instance=ExtResource( 11 )]
transform = Transform( -1, 0, -8.74228e-008, 0, 1, 0, 8.74228e-008, 0, -1, -12.7295, 0.355412, 149.575 )

[node name="Spatial12" parent="Environment" instance=ExtResource( 17 )]
transform = Transform( 1, 0, 0, 0, 1, 0, 0, 0, 1, -14.5679, 0.241605, 127.927 )

[node name="Scene Root42" parent="Environment" instance=ExtResource( 18 )]
transform = Transform( 1, 0, 0, 0, 1, 0, 0, 0, 1, -8.7631, 0.158984, 140.629 )

[node name="Scene Root43" parent="Environment" instance=ExtResource( 18 )]
transform = Transform( 1, 0, 0, 0, 1, 0, 0, 0, 1, -8.7631, 0.158984, 141.629 )

[node name="Scene Root44" parent="Environment" instance=ExtResource( 18 )]
transform = Transform( 1, 0, 0, 0, 1, 0, 0, 0, 1, -8.7631, 0.158984, 142.629 )

[node name="Scene Root46" parent="Environment" instance=ExtResource( 18 )]
transform = Transform( 1, 0, 0, 0, 1, 0, 0, 0, 1, -8.7631, 0.158984, 144.629 )

[node name="Box" parent="Environment" instance=ExtResource( 19 )]
transform = Transform( 0.881505, 0, 0.472175, 0, 1, 0, -0.472175, 0, 0.881505, -12.3745, 0.161552, 143.927 )

[node name="Box4" parent="Environment" instance=ExtResource( 19 )]
transform = Transform( -0.672706, -0.586478, -0.451122, 0.573231, -0.7986, 0.183421, -0.467839, -0.135209, 0.87341, -22.5829, 0.860512, 144.051 )

[node name="Scene Root47" parent="Environment" instance=ExtResource( 7 )]
transform = Transform( 0.784367, 0, 0.620297, 0, 1, 0, -0.620297, 0, 0.784367, -23.9912, 0.186446, 144.481 )

[node name="Scene Root48" parent="Environment" instance=ExtResource( 15 )]
transform = Transform( 0.784367, 0, 0.620297, 0, 1, 0, -0.620297, 0, 0.784367, -23.2282, 0.191898, 143.437 )

[node name="Scene Root49" parent="Environment" instance=ExtResource( 7 )]
transform = Transform( 0.784367, 0, 0.620297, 0, 1, 0, -0.620297, 0, 0.784367, -17.9029, 0.186446, 140.436 )

[node name="Box3" parent="Environment" instance=ExtResource( 20 )]
transform = Transform( 0.784367, 0, 0.620297, 0, 1, 0, -0.620297, 0, 0.784367, -13.4232, 0.20465, 140.905 )

[node name="Box2" parent="Environment" instance=ExtResource( 19 )]
transform = Transform( 0.881505, 0, 0.472175, -0.456519, 0.255367, 0.852278, -0.120578, -0.966844, 0.225108, -14.3746, 0.435746, 144.577 )

[node name="Scene Root50" parent="Environment" instance=ExtResource( 21 )]
transform = Transform( 0.949177, 0, 0.314742, 0, 1, 0, -0.314742, 0, 0.949177, -4.94767, 0.186409, 137.547 )

[node name="Scene Root51" parent="Environment" instance=ExtResource( 21 )]
transform = Transform( 0.949177, 0, 0.314742, 0, 1, 0, -0.314742, 0, 0.949177, 3.09214, 0.186409, 27.9638 )

[node name="Scene Root52" parent="Environment" instance=ExtResource( 22 )]
transform = Transform( 1, 0, 0, 0, 1, 0, 0, 0, 1, -4.78592, 0.186409, 116.771 )

[node name="Scene Root53" parent="Environment" instance=ExtResource( 23 )]
transform = Transform( 1, 0, 0, 0, 1, 0, 0, 0, 1, -5.42254, 0.18641, 145.178 )

[node name="Scene Root54" parent="Environment" instance=ExtResource( 23 )]
transform = Transform( 1, 0, 0, 0, 1, 0, 0, 0, 1, -25.323, -0.114195, 106.772 )

[node name="Scene Root55" parent="Environment" instance=ExtResource( 23 )]
transform = Transform( 1, 0, 0, 0, 1, 0, 0, 0, 1, -19.4501, 0.17964, 70.5796 )

[node name="Scene Root56" parent="Environment" instance=ExtResource( 24 )]
transform = Transform( 1, 0, 0, 0, 1, 0, 0, 0, 1, -4.92691, 0.187198, 119.593 )

[node name="Scene Root57" parent="Environment" instance=ExtResource( 24 )]
transform = Transform( 1, 0, 0, 0, 1, 0, 0, 0, 1, -4.92691, 0.187198, 86.5927 )

[node name="Scene Root58" parent="Environment" instance=ExtResource( 24 )]
transform = Transform( 1, 0, 0, 0, 1, 0, 0, 0, 1, 1.49755, 0.187198, 35.7198 )

[node name="Box5" parent="Environment" instance=ExtResource( 19 )]
transform = Transform( 0.426723, 0.696484, 0.576904, -0.414182, 0.717572, -0.559949, -0.803966, 0, 0.594676, -26.107, 0.235296, 68.3863 )

[node name="Box7" parent="Environment" instance=ExtResource( 19 )]
transform = Transform( 0.556571, 0.078535, 0.827079, -0.178935, 0.98349, 0.0270247, -0.811302, -0.163034, 0.561435, -6.5005, 0.161875, 8.05565 )

[node name="Box6" parent="Environment" instance=ExtResource( 19 )]
transform = Transform( 0.426723, 0.696484, 0.576904, -0.414182, 0.717572, -0.559949, -0.803966, 0, 0.594676, -26.107, 0.235296, 68.3863 )

[node name="Box8" parent="Environment" instance=ExtResource( 20 )]
transform = Transform( -0.157361, -0.350937, 0.923082, -0.00362986, -0.934516, -0.355903, 0.987534, -0.0593559, 0.145782, -24.5111, 0.677952, 64.6252 )

[node name="Box9" parent="Environment" instance=ExtResource( 20 )]
transform = Transform( -0.157361, -0.016647, 0.987401, -0.00362975, -0.999841, -0.0174352, 0.987534, -0.00632765, 0.157276, -4.62171, 0.677948, 3.87432 )

[node name="Box10" parent="Environment" instance=ExtResource( 20 )]
transform = Transform( 0.828521, -0.016647, 0.55971, -0.0173367, -0.999841, -0.00407456, 0.559689, -0.00632766, -0.828679, -3.00029, 0.734493, -9.32612 )

[node name="Box11" parent="Environment" instance=ExtResource( 20 )]
transform = Transform( -0.157361, -0.350937, 0.923082, -0.00362986, -0.934516, -0.355903, 0.987534, -0.0593559, 0.145782, -24.5111, 0.677952, 64.6252 )

[node name="Box12" parent="Environment" instance=ExtResource( 19 )]
transform = Transform( -0.157361, -0.350937, 0.923082, -0.00362989, -0.934516, -0.355903, 0.987534, -0.0593559, 0.145782, -26.107, 0.835549, 67.1758 )

[node name="Box13" parent="Environment" instance=ExtResource( 19 )]
transform = Transform( -0.157361, 0.26371, 0.95168, -0.00362979, -0.963834, 0.266478, 0.987534, 0.0384788, 0.152627, -6.21767, 0.835546, 6.42497 )

[node name="Box14" parent="Environment" instance=ExtResource( 19 )]
transform = Transform( -0.157361, -0.350937, 0.923082, -0.00362989, -0.934516, -0.355903, 0.987534, -0.0593559, 0.145782, -26.107, 0.835549, 67.1758 )

[node name="Scene Root59" parent="Environment" instance=ExtResource( 24 )]
transform = Transform( 1, 0, 0, 0, 1, 0, 0, 0, 1, -55.9188, 0.187198, 88.5444 )

[node name="Scene Root60" parent="Environment" instance=ExtResource( 5 )]
transform = Transform( 0.709373, 0, -0.704833, 0, 1, 0, 0.704833, 0, 0.709373, -12.1966, -0.0906253, 108.777 )

[node name="Scene Root61" parent="Environment" instance=ExtResource( 5 )]
transform = Transform( 0.956501, 0, -0.29173, 0, 1, 0, 0.29173, 0, 0.956501, -8.89586, 0.170109, 86.8408 )

[node name="Scene Root62" parent="Environment" instance=ExtResource( 5 )]
transform = Transform( 0.925959, 0, 0.377625, 0, 1, 0, -0.377625, 0, 0.925959, -9.92621, 0.170109, 34.3806 )

[node name="Scene Root63" parent="Environment" instance=ExtResource( 5 )]
transform = Transform( 0.262998, 0, 0.964797, 0, 1, 0, -0.964797, 0, 0.262998, -12.1966, 0.169701, 113.58 )

[node name="Scene Root64" parent="Environment" instance=ExtResource( 25 )]
transform = Transform( 0.983557, 0, 0.180601, 0, 1, 0, -0.180601, 0, 0.983557, -10.7891, 0.23622, 101.054 )

[node name="Scene Root65" parent="Environment" instance=ExtResource( 25 )]
transform = Transform( 0.404561, 0, -0.914511, 0, 1, 0, 0.914511, 0, 0.404561, -10.7891, 0.23622, 93.0057 )

[node name="Bench" parent="Environment" instance=ExtResource( 26 )]
transform = Transform( -4.37114e-008, 0, 1, 0, 1, 0, -1, 0, -4.37114e-008, -30.1096, 0.18641, 114.176 )

[node name="Bench4" parent="Environment" instance=ExtResource( 26 )]
transform = Transform( 1.31134e-007, 0, -1, 0, 1, 0, 1, 0, 1.31134e-007, -42.1096, 0.18641, 84.8599 )

[node name="Bench2" parent="Environment" instance=ExtResource( 26 )]
transform = Transform( -4.37114e-008, 0, 1, 0, 1, 0, -1, 0, -4.37114e-008, -42.1096, 0.18641, 114.176 )

[node name="Bench3" parent="Environment" instance=ExtResource( 26 )]
transform = Transform( 1.31134e-007, 0, -1, 0, 1, 0, 1, 0, 1.31134e-007, -30.1096, 0.18641, 84.8599 )

[node name="Scene Root66" parent="Environment" instance=ExtResource( 22 )]
transform = Transform( 0.939223, 0, -0.343307, 0, 1, 0, 0.343307, 0, 0.939223, 12.3552, 0.186409, -2.02734 )

[node name="Spatial22" parent="Environment" instance=ExtResource( 11 )]
transform = Transform( -0.949608, 0, 0.31344, 0, 1, 0, -0.31344, 0, -0.949608, -2.47774, -0.213261, -2.04485 )

[node name="Scene Root67" parent="Environment" instance=ExtResource( 18 )]
transform = Transform( 0.973046, 0, -0.23061, 0, 1, 0, 0.23061, 0, 0.973046, -1.75562, 0.0868333, 10.0664 )

[node name="Scene Root68" parent="Environment" instance=ExtResource( 18 )]
transform = Transform( 0.973046, 0, -0.23061, 0, 1, 0, 0.23061, 0, 0.973046, -1.52501, 0.0868333, 9.09332 )

[node name="Scene Root69" parent="Environment" instance=ExtResource( 18 )]
transform = Transform( 0.973046, 0, -0.23061, 0, 1, 0, 0.23061, 0, 0.973046, -1.2944, 0.0868333, 8.12027 )

[node name="Scene Root70" parent="Environment" instance=ExtResource( 18 )]
transform = Transform( 0.973046, 0, -0.23061, 0, 1, 0, 0.23061, 0, 0.973046, -1.06379, 0.0868333, 7.14723 )

[node name="Scene Root71" parent="Environment" instance=ExtResource( 18 )]
transform = Transform( 0.973046, 0, -0.23061, 0, 1, 0, 0.23061, 0, 0.973046, -0.833177, 0.0868333, 6.17418 )

[node name="Scene Root72" parent="Environment" instance=ExtResource( 18 )]
transform = Transform( 0.973046, 0, -0.23061, 0, 1, 0, 0.23061, 0, 0.973046, -0.602568, 0.0868333, 5.20113 )

[node name="Scene Root73" parent="Environment" instance=ExtResource( 18 )]
transform = Transform( 0.94257, 0, -0.334008, 0, 1, 0, 0.334008, 0, 0.94257, 1.95833, 0.0868333, -6.08884 )

[node name="Scene Root74" parent="Environment" instance=ExtResource( 18 )]
transform = Transform( 0.94257, 0, -0.334008, 0, 1, 0, 0.334008, 0, 0.94257, 2.36307, 0.0868333, -7.23103 )

[node name="Scene Root75" parent="Environment" instance=ExtResource( 18 )]
transform = Transform( 0.94257, 0, -0.334008, 0, 1, 0, 0.334008, 0, 0.94257, 2.79242, 0.0868333, -8.44263 )

[node name="Scene Root76" parent="Environment" instance=ExtResource( 18 )]
transform = Transform( 0.94257, 0, -0.334008, 0, 1, 0, 0.334008, 0, 0.94257, 3.12643, 0.0868333, -9.3852 )

[node name="Scene Root77" parent="Environment" instance=ExtResource( 18 )]
transform = Transform( 0.94257, 0, -0.334008, 0, 1, 0, 0.334008, 0, 0.94257, 3.46043, 0.0868333, -10.3278 )

[node name="Spatial23" parent="Environment" instance=ExtResource( 27 )]
transform = Transform( 1, 0, 0, 0, 1, 0, 0, 0, 1, -3.97965, 0.162947, -28.3448 )

[node name="DirectionalLight" type="DirectionalLight" parent="."]
transform = Transform( 0.65978, -0.580345, 0.477378, 0, 0.635268, 0.772292, -0.751458, -0.509543, 0.419137, 0, 32.3276, 97.5948 )
shadow_enabled = true

[node name="Camera" type="Camera" parent="."]
transform = Transform( 0.5, -0.150384, 0.852869, 0, 0.984808, 0.173648, -0.866025, -0.0868241, 0.492404, 35.359, 22, 133.941 )
near = 1.0
far = 500.0

[node name="MenuUI" type="CanvasLayer" parent="."]
script = ExtResource( 28 )

[node name="NewGameBtn" type="Button" parent="MenuUI"]
anchor_top = 1.0
anchor_bottom = 1.0
margin_top = -80.0
margin_right = 250.0
custom_fonts/font = SubResource( 4 )
custom_colors/font_color = Color( 1, 1, 1, 1 )
custom_colors/font_color_hover = Color( 0.968627, 0.286275, 0.286275, 1 )
text = "NEW GAME"
flat = true

[node name="QuitBtn" type="Button" parent="MenuUI"]
anchor_left = 1.0
anchor_top = 1.0
anchor_right = 1.0
anchor_bottom = 1.0
margin_left = -199.58
margin_top = -80.0
margin_right = 50.4204
custom_fonts/font = SubResource( 4 )
custom_colors/font_color_disabled = Color( 0, 0, 0, 1 )
custom_colors/font_color = Color( 1, 1, 1, 1 )
custom_colors/font_color_hover = Color( 0.968627, 0.286275, 0.286275, 1 )
text = "QUIT"
flat = true

[node name="TitleLbl" type="Label" parent="MenuUI"]
anchor_right = 1.0
margin_top = 73.0
margin_bottom = 152.0
custom_fonts/font = SubResource( 5 )
custom_colors/font_color = Color( 0.968627, 0.286275, 0.286275, 1 )
text = "MOB GLITCH"
align = 1
valign = 1

[node name="BgRect" type="ColorRect" parent="MenuUI"]
anchor_right = 1.0
anchor_bottom = 1.0
margin_top = -616.0
margin_bottom = -616.0
color = Color( 0.0509804, 0.117647, 0.160784, 1 )

[node name="GodotImgRect" type="TextureRect" parent="MenuUI"]
visible = false
anchor_left = 0.5
anchor_top = 0.5
anchor_right = 0.5
anchor_bottom = 0.5
margin_left = -384.0
margin_top = -216.0
margin_right = 384.0
margin_bottom = 216.0
texture = ExtResource( 30 )

[node name="BdRect2" type="ColorRect" parent="MenuUI"]
visible = false
anchor_right = 1.0
anchor_bottom = 1.0
color = Color( 0.0509804, 0.117647, 0.160784, 1 )

[node name="AnimationPlayer" type="AnimationPlayer" parent="MenuUI"]
anims/FadeIn = SubResource( 6 )

[node name="Enemy" parent="." instance=ExtResource( 31 )]
transform = Transform( 0.103532, 0, -0.994626, 0, 1, 0, 0.994626, 0, 0.103532, -2.00732, 0, 96.4729 )

[node name="Enemy2" parent="." instance=ExtResource( 31 )]
transform = Transform( -0.915272, 0, -0.402837, 0, 1, 0, 0.402837, 0, -0.915272, -4.29791, 0, 106.753 )

[node name="Enemy3" parent="." instance=ExtResource( 31 )]
transform = Transform( -0.66075, 0, -0.750606, 0, 1, 0, 0.750606, 0, -0.66075, -4.38719, 0, 101.483 )

[connection signal="pressed" from="MenuUI/NewGameBtn" to="MenuUI" method="_on_NewGameBtn_pressed"]
[connection signal="pressed" from="MenuUI/QuitBtn" to="MenuUI" method="_on_QuitBtn_pressed"]
